claims  policies region car age  
1  65 317 0 1 1
2  65 476 0 1 2
3  52 486 0 1 3
4 310 3259 0 1 4
5 98 486 0 2 1
6 159 1004 0 2 2
7 175 1355 0 2 3
8 877 7660 0 2 4
9 41 223 0 3 1
10 117 539 0 3 2
11 137 697 0 3 3
12 477 3442 0 3 4
13 11 40 0 4 1
14 35 148 0 4 2
15 39 214 0 4 3
16 167 1019 0 4 4
17 2 20 1 1 1
18 5 33 1 1 2
19 4 40 1 1 3
20 36 316 1 1 4
21 7 31 1 2 1
22 10 81 1 2 2
23 22 122 1 2 3
24 102 724 1 2 4
25 5 18 1 3 1
26 7 39 1 3 2
27 16 68 1 3 3
28 63 344 1 3 4
29 0 3 1 4 1
30 6 16 1 4 2
31 8 25 1 4 3
32 33 114 1 4 4